E:\Java_project\OOP_HW\HW1>java Question4 Question4_text.txt
546.345856 347.163858 985.129377 771.288164 962.425418 150.643001 772.171635
763.228947 388.592350 643.451583 97.896674 442.028880 0.956949 363.904162
474.784047 248.732609 202.108705 27.975745 936.347777 301.003188 437.580407
768.946864 791.361204 263.146154 369.471039 884.079263 547.536806 496.122629
189.480484 532.757101 400.209789 114.895477 984.275625 588.968153 455.259623
528.007991 899.848945 448.681766 644.539833 714.526713 665.691822 81.000671
748.060168 484.620269 127.077032 866.302124 347.835577 708.435339 551.217014
53.554478 235.863828 398.269295 551.271496 118.696823 448.970735 990.636136
911.152427 587.234741 824.043122 698.847180 904.394880 421.851973 248.401253
121.458750 296.405641 295.917516 426.112550 260.013568 19.589477 937.816647
913.957126 807.167835 316.906267 176.322966 182.484842 924.658380 841.596909
829.011746 29.287095 261.839791 149.195654 640.481917 544.799924 197.285064
223.631587 728.878457 549.885994 841.379846 289.619702 625.596924 674.260770
408.993532 451.606324 450.799648 486.854246 60.333753 526.015712 240.405504
923.176924 67.496834 286.242183 99.943316 880.102505 528.137625 887.839913
812.228346 611.526813 759.079241 473.322170 482.361810 290.621638 825.657436
766.331712 935.429294 42.804080 972.595824 960.169678 378.333857 280.689244
917.296494 321.553845 186.026554 997.711014 782.524714 667.347609 885.558493
758.478616 615.594654 790.984575 828.676063 281.403769 690.713131 336.582934
284.400815 163.474531 990.107356 567.768701 434.198115 662.979391 416.806895
883.023918 995.949047 832.382493 433.435540 431.758566 542.237308 749.723797
920.420526 303.133613 528.170736 894.844012 30.579246 436.094452 443.533567
771.312689 64.891149 938.813181 11.952950 324.240239 845.308254 428.285601
14.638438 253.673989 51.964332 174.732453 718.277189 63.179757 472.982329
792.558825 838.736043 851.580742 802.983602 547.322648 917.214277 505.923539
868.211671 444.641039 202.522047 454.247512 230.097753 598.457448 486.827827
820.001081 63.924933 917.135245 24.856650 235.251182 610.661235 150.513720
464.446946 804.616429 91.807650 251.236391 699.139110 534.988641 868.382744
986.261883 726.109652 793.131301 32.688212 262.714196 442.051443 999.619201
315.875808 189.888538 12.288079 59.944733 692.281493 409.864451 143.487944
529.018700 65.082520 987.400212 639.284812 140.464653 53.752034 834.498474
52.124832 367.695085 369.577720 834.697136 584.936828 66.586514 28.829158
136.002289 710.190777 238.881874 200.015794 131.739742 816.479284 923.157587
3.695677 444.052796 532.574277 158.136250 630.955904 654.458139 612.605999
536.312764 278.579842 161.727587 944.447773 513.722640 173.993845 402.376076
465.916785 28.318657 220.906949 877.488234 819.101105 515.860487 343.539838
131.335961 679.063836 490.657554 517.012529 895.853796 19.658353 249.556512
363.711496 162.220308 560.000253 931.521229 164.783301 63.511949 440.802295
595.227140 864.659767 729.167478 505.793284 310.666852 485.175074 954.139560
649.549661 587.645829 870.213112 941.475926 62.493244 6.713218 535.358545
587.322684 98.508079 924.922936 234.011246 492.181152 65.546102 264.425234
290.264447 547.677895 71.902007 948.242306 305.304702 813.173388 162.203581
435.348082 376.538761 891.582494 865.980199 643.939181 219.320074 451.701557
503.319146 472.309713 735.376705 886.820589 742.211146 754.208059 72.533212
578.180351 4.821617 0.811284 75.380989 80.945175 420.935664 158.277050
877.353731 9.382299 74.030182 297.169894 318.485303 634.243277 414.877227
515.276833 527.604129 719.355510 946.815429 537.466444 123.098303 484.871865
859.110850 953.267681 540.775404 175.760273 489.420562 689.883675 29.956327
354.006683 796.760257 323.967143 464.358456 572.764028 709.535315 268.895404
780.724857 272.714282 773.830789 908.643790 916.586698 782.174245 261.962118
679.987727 615.159251 406.719475 146.191923 193.409054 759.680175 556.122513
460.929918 255.156413 456.624497 93.296075 171.798492 394.749543 704.155122
609.340728 629.795603 887.331948 854.981804 633.158223 855.783626 337.596307
176.955285 752.891518 6.526322 128.134667 829.276533 958.472743 154.069144
810.525379 460.072448 912.130099 400.978037 119.957133 710.307548 284.949906
193.620551 482.825530 655.953506 761.683540 628.576483 771.309405 925.022268
636.400611 140.424019 281.154520 82.340039 429.335960 445.566292 37.645058
764.764753 481.172460 138.681638 713.334228 86.253748 984.904465 235.522309
910.511796 483.705876 816.495307 630.608962 645.507887 431.627227 529.480671
781.314269 645.840222 738.305174 376.978818 223.575280 715.399292 122.584433
120.796450 813.181758 952.497824 531.393214 371.310232 546.152269 251.774125
622.598856 799.950070 727.010998 478.892431 460.421307 684.599916 17.930605
326.407734 381.699768 610.300204 760.308286 356.410396 537.602182 535.815480
518.726827 601.911473 91.558061 48.000302 82.737014 910.819481 669.060735
853.332142 391.034178 488.661369 132.663065 600.404623 213.425987 441.454890
977.728201 879.807673 586.271344 540.808194 464.900392 716.429761 765.566355
888.039131 777.546149 167.364685 184.551971 397.927163 393.658190 378.901776
 81.092780 893.362362 893.598419 122.431190 125.335515 809.288273 418.125374
854.959102 297.491520 4.769594 212.059639 25.552255 549.426440 364.994970
713.700250 570.715178 526.993971 92.464626 409.338239 211.041256 279.363973
479.349114 525.401589 831.612280 716.598722 886.047767 400.499845 933.488652
277.288557 290.754368 110.866603
